# Version: 2
# Created by: Brainsight 2.4b6
# Units: millimetres, degrees, milliseconds, and microvolts
# Encoding: UTF-8
# Notes: Each column is delimited by a tab. The first column identifies the kind of event and thus the kind of data on the rest of that row. The following types of rows are possible:
# Polaris Tool	Date	Time	Polaris Frame Number	Calibration/Tracker Name	Coordinate System	x	y	z	m0n0	m0n1	m0n2	m1n0	m1n1	m1n2	m2n0	m2n1	m2n2
# TTL Trigger	Date	Time	Trigger Name
# New Sample	Date	Time	Sample Name	Index	Loc. X	Loc. Y	Loc. Z	m0n0	m0n1	m0n2	m1n0	m1n1	m1n2	m2n0	m2n1	m2n2	Assoc. Target
# New EMG	Date	Time	Sample Name	Index	EMG Peak-to-peak 1	EMG Peak-to-peak 2	EMG Window Start	EMG Window End
# Target Selection	Date	Time	Target Name	Loc. X	Loc. Y	Loc. Z	m0n0	m0n1	m0n2	m1n0	m1n1	m1n2	m2n0	m2n1	m2n2
# Crosshairs Position	Date	Time	Crosshairs Driver	Coordinate System	Loc. X	Loc. Y	Loc. Z	m0n0	m0n1	m0n2	m1n0	m1n1	m1n2	m2n0	m2n1	m2n2
Polaris Tool	2019-11-08	14:34:12.874	913277	CB1175	Polaris	(null)	(null)	(null)	(null)	(null)	(null)	(null)	(null)	(null)	(null)	(null)	(null)
Polaris Tool	2019-11-08	14:34:12.874	913277	CB1175	NIfTI:Scanner	(null)	(null)	(null)	(null)	(null)	(null)	(null)	(null)	(null)	(null)	(null)	(null)
Polaris Tool	2019-11-08	14:34:12.874	913277	CT708	Polaris	(null)	(null)	(null)	(null)	(null)	(null)	(null)	(null)	(null)	(null)	(null)	(null)
Polaris Tool	2019-11-08	14:34:12.874	913277	CT708	NIfTI:Scanner	(null)	(null)	(null)	(null)	(null)	(null)	(null)	(null)	(null)	(null)	(null)	(null)
Polaris Tool	2019-11-08	14:34:12.874	913277	LCT371	Polaris	(null)	(null)	(null)	(null)	(null)	(null)	(null)	(null)	(null)	(null)	(null)	(null)
Polaris Tool	2019-11-08	14:34:12.874	913277	LCT371	NIfTI:Scanner	(null)	(null)	(null)	(null)	(null)	(null)	(null)	(null)	(null)	(null)	(null)	(null)
Polaris Tool	2019-11-08	14:34:12.874	913277	P1381	Polaris	(null)	(null)	(null)	(null)	(null)	(null)	(null)	(null)	(null)	(null)	(null)	(null)
Polaris Tool	2019-11-08	14:34:12.874	913277	P1381	NIfTI:Scanner	(null)	(null)	(null)	(null)	(null)	(null)	(null)	(null)	(null)	(null)	(null)	(null)
Polaris Tool	2019-11-08	14:34:12.874	913277	ST1089	Polaris	35.525	-61.959	-917.448	-0.102	-0.919	-0.380	0.986	-0.143	0.083	-0.131	-0.366	0.921
Polaris Tool	2019-11-08	14:34:12.874	913277	ST1089	NIfTI:Scanner	-64.438	111.917	86.378	0.948	-0.014	-0.319	-0.213	0.717	-0.664	0.238	0.697	0.677
Polaris Tool	2019-11-08	14:34:12.924	913280	CB1175	Polaris	(null)	(null)	(null)	(null)	(null)	(null)	(null)	(null)	(null)	(null)	(null)	(null)
Polaris Tool	2019-11-08	14:34:12.924	913280	CB1175	NIfTI:Scanner	(null)	(null)	(null)	(null)	(null)	(null)	(null)	(null)	(null)	(null)	(null)	(null)
Polaris Tool	2019-11-08	14:34:12.924	913280	CT708	Polaris	(null)	(null)	(null)	(null)	(null)	(null)	(null)	(null)	(null)	(null)	(null)	(null)
Polaris Tool	2019-11-08	14:34:12.924	913280	CT708	NIfTI:Scanner	(null)	(null)	(null)	(null)	(null)	(null)	(null)	(null)	(null)	(null)	(null)	(null)
Polaris Tool	2019-11-08	14:34:12.924	913280	LCT371	Polaris	(null)	(null)	(null)	(null)	(null)	(null)	(null)	(null)	(null)	(null)	(null)	(null)
Polaris Tool	2019-11-08	14:34:12.924	913280	LCT371	NIfTI:Scanner	(null)	(null)	(null)	(null)	(null)	(null)	(null)	(null)	(null)	(null)	(null)	(null)
Polaris Tool	2019-11-08	14:34:12.924	913280	P1381	Polaris	(null)	(null)	(null)	(null)	(null)	(null)	(null)	(null)	(null)	(null)	(null)	(null)
Polaris Tool	2019-11-08	14:34:12.924	913280	P1381	NIfTI:Scanner	(null)	(null)	(null)	(null)	(null)	(null)	(null)	(null)	(null)	(null)	(null)	(null)
Polaris Tool	2019-11-08	14:34:12.924	913280	ST1089	Polaris	35.522	-61.953	-917.442	-0.102	-0.919	-0.380	0.986	-0.143	0.083	-0.131	-0.366	0.921
Polaris Tool	2019-11-08	14:34:12.924	913280	ST1089	NIfTI:Scanner	-64.438	111.917	86.378	0.948	-0.014	-0.319	-0.213	0.717	-0.664	0.238	0.697	0.677
Polaris Tool	2019-11-08	14:34:12.975	913283	CB1175	Polaris	(null)	(null)	(null)	(null)	(null)	(null)	(null)	(null)	(null)	(null)	(null)	(null)
Polaris Tool	2019-11-08	14:34:12.975	913283	CB1175	NIfTI:Scanner	(null)	(null)	(null)	(null)	(null)	(null)	(null)	(null)	(null)	(null)	(null)	(null)
Polaris Tool	2019-11-08	14:34:12.975	913283	CT708	Polaris	(null)	(null)	(null)	(null)	(null)	(null)	(null)	(null)	(null)	(null)	(null)	(null)
Polaris Tool	2019-11-08	14:34:12.975	913283	CT708	NIfTI:Scanner	(null)	(null)	(null)	(null)	(null)	(null)	(null)	(null)	(null)	(null)	(null)	(null)
Polaris Tool	2019-11-08	14:34:12.975	913283	LCT371	Polaris	(null)	(null)	(null)	(null)	(null)	(null)	(null)	(null)	(null)	(null)	(null)	(null)
Polaris Tool	2019-11-08	14:34:12.975	913283	LCT371	NIfTI:Scanner	(null)	(null)	(null)	(null)	(null)	(null)	(null)	(null)	(null)	(null)	(null)	(null)
Polaris Tool	2019-11-08	14:34:12.975	913283	P1381	Polaris	(null)	(null)	(null)	(null)	(null)	(null)	(null)	(null)	(null)	(null)	(null)	(null)
Polaris Tool	2019-11-08	14:34:12.975	913283	P1381	NIfTI:Scanner	(null)	(null)	(null)	(null)	(null)	(null)	(null)	(null)	(null)	(null)	(null)	(null)
Polaris Tool	2019-11-08	14:34:12.975	913283	ST1089	Polaris	35.523	-61.955	-917.451	-0.102	-0.919	-0.380	0.986	-0.143	0.084	-0.131	-0.366	0.921
Polaris Tool	2019-11-08	14:34:12.975	913283	ST1089	NIfTI:Scanner	-64.438	111.917	86.378	0.948	-0.014	-0.319	-0.213	0.717	-0.664	0.238	0.697	0.677
Polaris Tool	2019-11-08	14:34:13.025	913286	CB1175	Polaris	(null)	(null)	(null)	(null)	(null)	(null)	(null)	(null)	(null)	(null)	(null)	(null)
Polaris Tool	2019-11-08	14:34:13.025	913286	CB1175	NIfTI:Scanner	(null)	(null)	(null)	(null)	(null)	(null)	(null)	(null)	(null)	(null)	(null)	(null)
Polaris Tool	2019-11-08	14:34:13.025	913286	CT708	Polaris	(null)	(null)	(null)	(null)	(null)	(null)	(null)	(null)	(null)	(null)	(null)	(null)
Polaris Tool	2019-11-08	14:34:13.025	913286	CT708	NIfTI:Scanner	(null)	(null)	(null)	(null)	(null)	(null)	(null)	(null)	(null)	(null)	(null)	(null)
Polaris Tool	2019-11-08	14:34:13.025	913286	LCT371	Polaris	(null)	(null)	(null)	(null)	(null)	(null)	(null)	(null)	(null)	(null)	(null)	(null)
Polaris Tool	2019-11-08	14:34:13.025	913286	LCT371	NIfTI:Scanner	(null)	(null)	(null)	(null)	(null)	(null)	(null)	(null)	(null)	(null)	(null)	(null)
Polaris Tool	2019-11-08	14:34:13.025	913286	P1381	Polaris	(null)	(null)	(null)	(null)	(null)	(null)	(null)	(null)	(null)	(null)	(null)	(null)
Polaris Tool	2019-11-08	14:34:13.025	913286	P1381	NIfTI:Scanner	(null)	(null)	(null)	(null)	(null)	(null)	(null)	(null)	(null)	(null)	(null)	(null)
Polaris Tool	2019-11-08	14:34:13.025	913286	ST1089	Polaris	35.519	-61.956	-917.439	-0.101	-0.919	-0.380	0.986	-0.143	0.084	-0.132	-0.366	0.921
Polaris Tool	2019-11-08	14:34:13.025	913286	ST1089	NIfTI:Scanner	-64.438	111.917	86.378	0.948	-0.014	-0.319	-0.213	0.717	-0.664	0.238	0.697	0.677
Polaris Tool	2019-11-08	14:34:13.075	913289	CB1175	Polaris	(null)	(null)	(null)	(null)	(null)	(null)	(null)	(null)	(null)	(null)	(null)	(null)
Polaris Tool	2019-11-08	14:34:13.075	913289	CB1175	NIfTI:Scanner	(null)	(null)	(null)	(null)	(null)	(null)	(null)	(null)	(null)	(null)	(null)	(null)
Polaris Tool	2019-11-08	14:34:13.075	913289	CT708	Polaris	(null)	(null)	(null)	(null)	(null)	(null)	(null)	(null)	(null)	(null)	(null)	(null)
Polaris Tool	2019-11-08	14:34:13.075	913289	CT708	NIfTI:Scanner	(null)	(null)	(null)	(null)	(null)	(null)	(null)	(null)	(null)	(null)	(null)	(null)
Polaris Tool	2019-11-08	14:34:13.075	913289	LCT371	Polaris	(null)	(null)	(null)	(null)	(null)	(null)	(null)	(null)	(null)	(null)	(null)	(null)
Polaris Tool	2019-11-08	14:34:13.075	913289	LCT371	NIfTI:Scanner	(null)	(null)	(null)	(null)	(null)	(null)	(null)	(null)	(null)	(null)	(null)	(null)
Polaris Tool	2019-11-08	14:34:13.075	913289	P1381	Polaris	(null)	(null)	(null)	(null)	(null)	(null)	(null)	(null)	(null)	(null)	(null)	(null)
Polaris Tool	2019-11-08	14:34:13.075	913289	P1381	NIfTI:Scanner	(null)	(null)	(null)	(null)	(null)	(null)	(null)	(null)	(null)	(null)	(null)	(null)
Polaris Tool	2019-11-08	14:34:13.075	913289	ST1089	Polaris	35.516	-61.957	-917.441	-0.101	-0.919	-0.380	0.986	-0.143	0.084	-0.132	-0.367	0.921
Polaris Tool	2019-11-08	14:34:13.075	913289	ST1089	NIfTI:Scanner	-64.438	111.917	86.378	0.948	-0.014	-0.319	-0.213	0.717	-0.664	0.238	0.697	0.677
Polaris Tool	2019-11-08	14:34:13.125	913292	CB1175	Polaris	(null)	(null)	(null)	(null)	(null)	(null)	(null)	(null)	(null)	(null)	(null)	(null)
Polaris Tool	2019-11-08	14:34:13.125	913292	CB1175	NIfTI:Scanner	(null)	(null)	(null)	(null)	(null)	(null)	(null)	(null)	(null)	(null)	(null)	(null)
Polaris Tool	2019-11-08	14:34:13.125	913292	CT708	Polaris	(null)	(null)	(null)	(null)	(null)	(null)	(null)	(null)	(null)	(null)	(null)	(null)
Polaris Tool	2019-11-08	14:34:13.125	913292	CT708	NIfTI:Scanner	(null)	(null)	(null)	(null)	(null)	(null)	(null)	(null)	(null)	(null)	(null)	(null)
Polaris Tool	2019-11-08	14:34:13.125	913292	LCT371	Polaris	(null)	(null)	(null)	(null)	(null)	(null)	(null)	(null)	(null)	(null)	(null)	(null)
Polaris Tool	2019-11-08	14:34:13.125	913292	LCT371	NIfTI:Scanner	(null)	(null)	(null)	(null)	(null)	(null)	(null)	(null)	(null)	(null)	(null)	(null)
Polaris Tool	2019-11-08	14:34:13.125	913292	P1381	Polaris	(null)	(null)	(null)	(null)	(null)	(null)	(null)	(null)	(null)	(null)	(null)	(null)
Polaris Tool	2019-11-08	14:34:13.125	913292	P1381	NIfTI:Scanner	(null)	(null)	(null)	(null)	(null)	(null)	(null)	(null)	(null)	(null)	(null)	(null)
Polaris Tool	2019-11-08	14:34:13.125	913292	ST1089	Polaris	35.516	-61.960	-917.463	-0.101	-0.919	-0.380	0.986	-0.143	0.084	-0.132	-0.367	0.921
Polaris Tool	2019-11-08	14:34:13.125	913292	ST1089	NIfTI:Scanner	-64.438	111.917	86.378	0.948	-0.014	-0.319	-0.213	0.717	-0.664	0.238	0.697	0.677
Polaris Tool	2019-11-08	14:34:13.175	913295	CB1175	Polaris	(null)	(null)	(null)	(null)	(null)	(null)	(null)	(null)	(null)	(null)	(null)	(null)
Polaris Tool	2019-11-08	14:34:13.175	913295	CB1175	NIfTI:Scanner	(null)	(null)	(null)	(null)	(null)	(null)	(null)	(null)	(null)	(null)	(null)	(null)
Polaris Tool	2019-11-08	14:34:13.175	913295	CT708	Polaris	(null)	(null)	(null)	(null)	(null)	(null)	(null)	(null)	(null)	(null)	(null)	(null)
Polaris Tool	2019-11-08	14:34:13.175	913295	CT708	NIfTI:Scanner	(null)	(null)	(null)	(null)	(null)	(null)	(null)	(null)	(null)	(null)	(null)	(null)
Polaris Tool	2019-11-08	14:34:13.175	913295	LCT371	Polaris	(null)	(null)	(null)	(null)	(null)	(null)	(null)	(null)	(null)	(null)	(null)	(null)
Polaris Tool	2019-11-08	14:34:13.175	913295	LCT371	NIfTI:Scanner	(null)	(null)	(null)	(null)	(null)	(null)	(null)	(null)	(null)	(null)	(null)	(null)
Polaris Tool	2019-11-08	14:34:13.175	913295	P1381	Polaris	(null)	(null)	(null)	(null)	(null)	(null)	(null)	(null)	(null)	(null)	(null)	(null)
Polaris Tool	2019-11-08	14:34:13.175	913295	P1381	NIfTI:Scanner	(null)	(null)	(null)	(null)	(null)	(null)	(null)	(null)	(null)	(null)	(null)	(null)
Polaris Tool	2019-11-08	14:34:13.175	913295	ST1089	Polaris	35.517	-61.957	-917.456	-0.101	-0.919	-0.380	0.986	-0.143	0.084	-0.131	-0.367	0.921
Polaris Tool	2019-11-08	14:34:13.175	913295	ST1089	NIfTI:Scanner	-64.438	111.917	86.378	0.948	-0.014	-0.319	-0.213	0.717	-0.664	0.238	0.697	0.677
Polaris Tool	2019-11-08	14:34:13.225	913298	CB1175	Polaris	(null)	(null)	(null)	(null)	(null)	(null)	(null)	(null)	(null)	(null)	(null)	(null)
Polaris Tool	2019-11-08	14:34:13.225	913298	CB1175	NIfTI:Scanner	(null)	(null)	(null)	(null)	(null)	(null)	(null)	(null)	(null)	(null)	(null)	(null)
Polaris Tool	2019-11-08	14:34:13.225	913298	CT708	Polaris	(null)	(null)	(null)	(null)	(null)	(null)	(null)	(null)	(null)	(null)	(null)	(null)
Polaris Tool	2019-11-08	14:34:13.225	913298	CT708	NIfTI:Scanner	(null)	(null)	(null)	(null)	(null)	(null)	(null)	(null)	(null)	(null)	(null)	(null)
Polaris Tool	2019-11-08	14:34:13.225	913298	LCT371	Polaris	(null)	(null)	(null)	(null)	(null)	(null)	(null)	(null)	(null)	(null)	(null)	(null)
Polaris Tool	2019-11-08	14:34:13.225	913298	LCT371	NIfTI:Scanner	(null)	(null)	(null)	(null)	(null)	(null)	(null)	(null)	(null)	(null)	(null)	(null)
Polaris Tool	2019-11-08	14:34:13.225	913298	P1381	Polaris	(null)	(null)	(null)	(null)	(null)	(null)	(null)	(null)	(null)	(null)	(null)	(null)
Polaris Tool	2019-11-08	14:34:13.225	913298	P1381	NIfTI:Scanner	(null)	(null)	(null)	(null)	(null)	(null)	(null)	(null)	(null)	(null)	(null)	(null)
Polaris Tool	2019-11-08	14:34:13.225	913298	ST1089	Polaris	35.516	-61.958	-917.447	-0.101	-0.919	-0.381	0.986	-0.143	0.084	-0.132	-0.367	0.921
Polaris Tool	2019-11-08	14:34:13.225	913298	ST1089	NIfTI:Scanner	-64.438	111.917	86.378	0.948	-0.014	-0.319	-0.213	0.717	-0.664	0.238	0.697	0.677
Polaris Tool	2019-11-08	14:34:13.275	913301	CB1175	Polaris	(null)	(null)	(null)	(null)	(null)	(null)	(null)	(null)	(null)	(null)	(null)	(null)
Polaris Tool	2019-11-08	14:34:13.275	913301	CB1175	NIfTI:Scanner	(null)	(null)	(null)	(null)	(null)	(null)	(null)	(null)	(null)	(null)	(null)	(null)
Polaris Tool	2019-11-08	14:34:13.275	913301	CT708	Polaris	(null)	(null)	(null)	(null)	(null)	(null)	(null)	(null)	(null)	(null)	(null)	(null)
Polaris Tool	2019-11-08	14:34:13.275	913301	CT708	NIfTI:Scanner	(null)	(null)	(null)	(null)	(null)	(null)	(null)	(null)	(null)	(null)	(null)	(null)
Polaris Tool	2019-11-08	14:34:13.275	913301	LCT371	Polaris	(null)	(null)	(null)	(null)	(null)	(null)	(null)	(null)	(null)	(null)	(null)	(null)
Polaris Tool	2019-11-08	14:34:13.275	913301	LCT371	NIfTI:Scanner	(null)	(null)	(null)	(null)	(null)	(null)	(null)	(null)	(null)	(null)	(null)	(null)
Polaris Tool	2019-11-08	14:34:13.275	913301	P1381	Polaris	(null)	(null)	(null)	(null)	(null)	(null)	(null)	(null)	(null)	(null)	(null)	(null)
Polaris Tool	2019-11-08	14:34:13.275	913301	P1381	NIfTI:Scanner	(null)	(null)	(null)	(null)	(null)	(null)	(null)	(null)	(null)	(null)	(null)	(null)
Polaris Tool	2019-11-08	14:34:13.275	913301	ST1089	Polaris	35.515	-61.959	-917.460	-0.101	-0.919	-0.381	0.986	-0.143	0.084	-0.132	-0.367	0.921
Polaris Tool	2019-11-08	14:34:13.275	913301	ST1089	NIfTI:Scanner	-64.438	111.917	86.378	0.948	-0.014	-0.319	-0.213	0.717	-0.664	0.238	0.697	0.677
Polaris Tool	2019-11-08	14:34:13.325	913304	CB1175	Polaris	(null)	(null)	(null)	(null)	(null)	(null)	(null)	(null)	(null)	(null)	(null)	(null)
Polaris Tool	2019-11-08	14:34:13.325	913304	CB1175	NIfTI:Scanner	(null)	(null)	(null)	(null)	(null)	(null)	(null)	(null)	(null)	(null)	(null)	(null)
Polaris Tool	2019-11-08	14:34:13.325	913304	CT708	Polaris	(null)	(null)	(null)	(null)	(null)	(null)	(null)	(null)	(null)	(null)	(null)	(null)
Polaris Tool	2019-11-08	14:34:13.325	913304	CT708	NIfTI:Scanner	(null)	(null)	(null)	(null)	(null)	(null)	(null)	(null)	(null)	(null)	(null)	(null)
Polaris Tool	2019-11-08	14:34:13.325	913304	LCT371	Polaris	(null)	(null)	(null)	(null)	(null)	(null)	(null)	(null)	(null)	(null)	(null)	(null)
Polaris Tool	2019-11-08	14:34:13.325	913304	LCT371	NIfTI:Scanner	(null)	(null)	(null)	(null)	(null)	(null)	(null)	(null)	(null)	(null)	(null)	(null)
Polaris Tool	2019-11-08	14:34:13.325	913304	P1381	Polaris	(null)	(null)	(null)	(null)	(null)	(null)	(null)	(null)	(null)	(null)	(null)	(null)
Polaris Tool	2019-11-08	14:34:13.325	913304	P1381	NIfTI:Scanner	(null)	(null)	(null)	(null)	(null)	(null)	(null)	(null)	(null)	(null)	(null)	(null)
Polaris Tool	2019-11-08	14:34:13.325	913304	ST1089	Polaris	35.514	-61.963	-917.469	-0.101	-0.919	-0.381	0.986	-0.143	0.084	-0.132	-0.367	0.921
Polaris Tool	2019-11-08	14:34:13.325	913304	ST1089	NIfTI:Scanner	-64.438	111.917	86.378	0.948	-0.014	-0.319	-0.213	0.717	-0.664	0.238	0.697	0.677
Polaris Tool	2019-11-08	14:34:13.374	913307	CB1175	Polaris	(null)	(null)	(null)	(null)	(null)	(null)	(null)	(null)	(null)	(null)	(null)	(null)
Polaris Tool	2019-11-08	14:34:13.374	913307	CB1175	NIfTI:Scanner	(null)	(null)	(null)	(null)	(null)	(null)	(null)	(null)	(null)	(null)	(null)	(null)
Polaris Tool	2019-11-08	14:34:13.374	913307	CT708	Polaris	(null)	(null)	(null)	(null)	(null)	(null)	(null)	(null)	(null)	(null)	(null)	(null)
Polaris Tool	2019-11-08	14:34:13.374	913307	CT708	NIfTI:Scanner	(null)	(null)	(null)	(null)	(null)	(null)	(null)	(null)	(null)	(null)	(null)	(null)
Polaris Tool	2019-11-08	14:34:13.374	913307	LCT371	Polaris	(null)	(null)	(null)	(null)	(null)	(null)	(null)	(null)	(null)	(null)	(null)	(null)
Polaris Tool	2019-11-08	14:34:13.374	913307	LCT371	NIfTI:Scanner	(null)	(null)	(null)	(null)	(null)	(null)	(null)	(null)	(null)	(null)	(null)	(null)
Polaris Tool	2019-11-08	14:34:13.374	913307	P1381	Polaris	(null)	(null)	(null)	(null)	(null)	(null)	(null)	(null)	(null)	(null)	(null)	(null)
Polaris Tool	2019-11-08	14:34:13.374	913307	P1381	NIfTI:Scanner	(null)	(null)	(null)	(null)	(null)	(null)	(null)	(null)	(null)	(null)	(null)	(null)
Polaris Tool	2019-11-08	14:34:13.374	913307	ST1089	Polaris	35.514	-61.955	-917.464	-0.101	-0.919	-0.380	0.986	-0.143	0.084	-0.132	-0.366	0.921
Polaris Tool	2019-11-08	14:34:13.374	913307	ST1089	NIfTI:Scanner	-64.438	111.917	86.378	0.948	-0.014	-0.319	-0.213	0.717	-0.664	0.238	0.697	0.677
Polaris Tool	2019-11-08	14:34:13.425	913310	CB1175	Polaris	(null)	(null)	(null)	(null)	(null)	(null)	(null)	(null)	(null)	(null)	(null)	(null)
Polaris Tool	2019-11-08	14:34:13.425	913310	CB1175	NIfTI:Scanner	(null)	(null)	(null)	(null)	(null)	(null)	(null)	(null)	(null)	(null)	(null)	(null)
Polaris Tool	2019-11-08	14:34:13.425	913310	CT708	Polaris	(null)	(null)	(null)	(null)	(null)	(null)	(null)	(null)	(null)	(null)	(null)	(null)
Polaris Tool	2019-11-08	14:34:13.425	913310	CT708	NIfTI:Scanner	(null)	(null)	(null)	(null)	(null)	(null)	(null)	(null)	(null)	(null)	(null)	(null)
Polaris Tool	2019-11-08	14:34:13.425	913310	LCT371	Polaris	(null)	(null)	(null)	(null)	(null)	(null)	(null)	(null)	(null)	(null)	(null)	(null)
Polaris Tool	2019-11-08	14:34:13.425	913310	LCT371	NIfTI:Scanner	(null)	(null)	(null)	(null)	(null)	(null)	(null)	(null)	(null)	(null)	(null)	(null)
Polaris Tool	2019-11-08	14:34:13.425	913310	P1381	Polaris	(null)	(null)	(null)	(null)	(null)	(null)	(null)	(null)	(null)	(null)	(null)	(null)
Polaris Tool	2019-11-08	14:34:13.425	913310	P1381	NIfTI:Scanner	(null)	(null)	(null)	(null)	(null)	(null)	(null)	(null)	(null)	(null)	(null)	(null)
Polaris Tool	2019-11-08	14:34:13.425	913310	ST1089	Polaris	35.518	-61.964	-917.428	-0.101	-0.919	-0.381	0.986	-0.143	0.083	-0.131	-0.367	0.921
Polaris Tool	2019-11-08	14:34:13.425	913310	ST1089	NIfTI:Scanner	-64.438	111.917	86.378	0.948	-0.014	-0.319	-0.213	0.717	-0.664	0.238	0.697	0.677
Polaris Tool	2019-11-08	14:34:13.475	913313	CB1175	Polaris	(null)	(null)	(null)	(null)	(null)	(null)	(null)	(null)	(null)	(null)	(null)	(null)
Polaris Tool	2019-11-08	14:34:13.475	913313	CB1175	NIfTI:Scanner	(null)	(null)	(null)	(null)	(null)	(null)	(null)	(null)	(null)	(null)	(null)	(null)
Polaris Tool	2019-11-08	14:34:13.475	913313	CT708	Polaris	(null)	(null)	(null)	(null)	(null)	(null)	(null)	(null)	(null)	(null)	(null)	(null)
Polaris Tool	2019-11-08	14:34:13.475	913313	CT708	NIfTI:Scanner	(null)	(null)	(null)	(null)	(null)	(null)	(null)	(null)	(null)	(null)	(null)	(null)
Polaris Tool	2019-11-08	14:34:13.475	913313	LCT371	Polaris	(null)	(null)	(null)	(null)	(null)	(null)	(null)	(null)	(null)	(null)	(null)	(null)
Polaris Tool	2019-11-08	14:34:13.475	913313	LCT371	NIfTI:Scanner	(null)	(null)	(null)	(null)	(null)	(null)	(null)	(null)	(null)	(null)	(null)	(null)
Polaris Tool	2019-11-08	14:34:13.475	913313	P1381	Polaris	(null)	(null)	(null)	(null)	(null)	(null)	(null)	(null)	(null)	(null)	(null)	(null)
Polaris Tool	2019-11-08	14:34:13.475	913313	P1381	NIfTI:Scanner	(null)	(null)	(null)	(null)	(null)	(null)	(null)	(null)	(null)	(null)	(null)	(null)
Polaris Tool	2019-11-08	14:34:13.475	913313	ST1089	Polaris	35.514	-61.960	-917.442	-0.101	-0.919	-0.381	0.986	-0.143	0.084	-0.132	-0.367	0.921
Polaris Tool	2019-11-08	14:34:13.475	913313	ST1089	NIfTI:Scanner	-64.438	111.917	86.378	0.948	-0.014	-0.319	-0.213	0.717	-0.664	0.238	0.697	0.677
Polaris Tool	2019-11-08	14:34:13.524	913316	CB1175	Polaris	(null)	(null)	(null)	(null)	(null)	(null)	(null)	(null)	(null)	(null)	(null)	(null)
Polaris Tool	2019-11-08	14:34:13.524	913316	CB1175	NIfTI:Scanner	(null)	(null)	(null)	(null)	(null)	(null)	(null)	(null)	(null)	(null)	(null)	(null)
Polaris Tool	2019-11-08	14:34:13.524	913316	CT708	Polaris	(null)	(null)	(null)	(null)	(null)	(null)	(null)	(null)	(null)	(null)	(null)	(null)
Polaris Tool	2019-11-08	14:34:13.524	913316	CT708	NIfTI:Scanner	(null)	(null)	(null)	(null)	(null)	(null)	(null)	(null)	(null)	(null)	(null)	(null)
Polaris Tool	2019-11-08	14:34:13.524	913316	LCT371	Polaris	(null)	(null)	(null)	(null)	(null)	(null)	(null)	(null)	(null)	(null)	(null)	(null)
Polaris Tool	2019-11-08	14:34:13.524	913316	LCT371	NIfTI:Scanner	(null)	(null)	(null)	(null)	(null)	(null)	(null)	(null)	(null)	(null)	(null)	(null)
Polaris Tool	2019-11-08	14:34:13.524	913316	P1381	Polaris	(null)	(null)	(null)	(null)	(null)	(null)	(null)	(null)	(null)	(null)	(null)	(null)
Polaris Tool	2019-11-08	14:34:13.524	913316	P1381	NIfTI:Scanner	(null)	(null)	(null)	(null)	(null)	(null)	(null)	(null)	(null)	(null)	(null)	(null)
Polaris Tool	2019-11-08	14:34:13.524	913316	ST1089	Polaris	35.519	-61.958	-917.441	-0.101	-0.919	-0.380	0.986	-0.143	0.084	-0.132	-0.366	0.921
Polaris Tool	2019-11-08	14:34:13.524	913316	ST1089	NIfTI:Scanner	-64.438	111.917	86.378	0.948	-0.014	-0.319	-0.213	0.717	-0.664	0.238	0.697	0.677
Polaris Tool	2019-11-08	14:34:13.575	913319	CB1175	Polaris	(null)	(null)	(null)	(null)	(null)	(null)	(null)	(null)	(null)	(null)	(null)	(null)
Polaris Tool	2019-11-08	14:34:13.575	913319	CB1175	NIfTI:Scanner	(null)	(null)	(null)	(null)	(null)	(null)	(null)	(null)	(null)	(null)	(null)	(null)
Polaris Tool	2019-11-08	14:34:13.575	913319	CT708	Polaris	(null)	(null)	(null)	(null)	(null)	(null)	(null)	(null)	(null)	(null)	(null)	(null)
Polaris Tool	2019-11-08	14:34:13.575	913319	CT708	NIfTI:Scanner	(null)	(null)	(null)	(null)	(null)	(null)	(null)	(null)	(null)	(null)	(null)	(null)
Polaris Tool	2019-11-08	14:34:13.575	913319	LCT371	Polaris	(null)	(null)	(null)	(null)	(null)	(null)	(null)	(null)	(null)	(null)	(null)	(null)
Polaris Tool	2019-11-08	14:34:13.575	913319	LCT371	NIfTI:Scanner	(null)	(null)	(null)	(null)	(null)	(null)	(null)	(null)	(null)	(null)	(null)	(null)
Polaris Tool	2019-11-08	14:34:13.575	913319	P1381	Polaris	(null)	(null)	(null)	(null)	(null)	(null)	(null)	(null)	(null)	(null)	(null)	(null)
Polaris Tool	2019-11-08	14:34:13.575	913319	P1381	NIfTI:Scanner	(null)	(null)	(null)	(null)	(null)	(null)	(null)	(null)	(null)	(null)	(null)	(null)
Polaris Tool	2019-11-08	14:34:13.575	913319	ST1089	Polaris	35.524	-61.960	-917.440	-0.101	-0.919	-0.380	0.986	-0.143	0.084	-0.131	-0.367	0.921
Polaris Tool	2019-11-08	14:34:13.575	913319	ST1089	NIfTI:Scanner	-64.438	111.917	86.378	0.948	-0.014	-0.319	-0.213	0.717	-0.664	0.238	0.697	0.677
Polaris Tool	2019-11-08	14:34:13.624	913322	CB1175	Polaris	(null)	(null)	(null)	(null)	(null)	(null)	(null)	(null)	(null)	(null)	(null)	(null)
Polaris Tool	2019-11-08	14:34:13.624	913322	CB1175	NIfTI:Scanner	(null)	(null)	(null)	(null)	(null)	(null)	(null)	(null)	(null)	(null)	(null)	(null)
Polaris Tool	2019-11-08	14:34:13.624	913322	CT708	Polaris	(null)	(null)	(null)	(null)	(null)	(null)	(null)	(null)	(null)	(null)	(null)	(null)
Polaris Tool	2019-11-08	14:34:13.624	913322	CT708	NIfTI:Scanner	(null)	(null)	(null)	(null)	(null)	(null)	(null)	(null)	(null)	(null)	(null)	(null)
Polaris Tool	2019-11-08	14:34:13.624	913322	LCT371	Polaris	(null)	(null)	(null)	(null)	(null)	(null)	(null)	(null)	(null)	(null)	(null)	(null)
Polaris Tool	2019-11-08	14:34:13.624	913322	LCT371	NIfTI:Scanner	(null)	(null)	(null)	(null)	(null)	(null)	(null)	(null)	(null)	(null)	(null)	(null)
Polaris Tool	2019-11-08	14:34:13.624	913322	P1381	Polaris	(null)	(null)	(null)	(null)	(null)	(null)	(null)	(null)	(null)	(null)	(null)	(null)
Polaris Tool	2019-11-08	14:34:13.624	913322	P1381	NIfTI:Scanner	(null)	(null)	(null)	(null)	(null)	(null)	(null)	(null)	(null)	(null)	(null)	(null)
Polaris Tool	2019-11-08	14:34:13.624	913322	ST1089	Polaris	35.518	-61.954	-917.441	-0.101	-0.919	-0.380	0.986	-0.143	0.084	-0.131	-0.366	0.921
Polaris Tool	2019-11-08	14:34:13.624	913322	ST1089	NIfTI:Scanner	-64.438	111.917	86.378	0.948	-0.014	-0.319	-0.213	0.717	-0.664	0.238	0.697	0.677
Polaris Tool	2019-11-08	14:34:13.675	913325	CB1175	Polaris	(null)	(null)	(null)	(null)	(null)	(null)	(null)	(null)	(null)	(null)	(null)	(null)
Polaris Tool	2019-11-08	14:34:13.675	913325	CB1175	NIfTI:Scanner	(null)	(null)	(null)	(null)	(null)	(null)	(null)	(null)	(null)	(null)	(null)	(null)
Polaris Tool	2019-11-08	14:34:13.675	913325	CT708	Polaris	(null)	(null)	(null)	(null)	(null)	(null)	(null)	(null)	(null)	(null)	(null)	(null)
Polaris Tool	2019-11-08	14:34:13.675	913325	CT708	NIfTI:Scanner	(null)	(null)	(null)	(null)	(null)	(null)	(null)	(null)	(null)	(null)	(null)	(null)
Polaris Tool	2019-11-08	14:34:13.675	913325	LCT371	Polaris	(null)	(null)	(null)	(null)	(null)	(null)	(null)	(null)	(null)	(null)	(null)	(null)
Polaris Tool	2019-11-08	14:34:13.675	913325	LCT371	NIfTI:Scanner	(null)	(null)	(null)	(null)	(null)	(null)	(null)	(null)	(null)	(null)	(null)	(null)
Polaris Tool	2019-11-08	14:34:13.675	913325	P1381	Polaris	(null)	(null)	(null)	(null)	(null)	(null)	(null)	(null)	(null)	(null)	(null)	(null)
Polaris Tool	2019-11-08	14:34:13.675	913325	P1381	NIfTI:Scanner	(null)	(null)	(null)	(null)	(null)	(null)	(null)	(null)	(null)	(null)	(null)	(null)
Polaris Tool	2019-11-08	14:34:13.675	913325	ST1089	Polaris	35.516	-61.958	-917.443	-0.101	-0.919	-0.381	0.986	-0.143	0.084	-0.132	-0.367	0.921
Polaris Tool	2019-11-08	14:34:13.675	913325	ST1089	NIfTI:Scanner	-64.438	111.917	86.378	0.948	-0.014	-0.319	-0.213	0.717	-0.664	0.238	0.697	0.677
Polaris Tool	2019-11-08	14:34:13.724	913328	CB1175	Polaris	(null)	(null)	(null)	(null)	(null)	(null)	(null)	(null)	(null)	(null)	(null)	(null)
Polaris Tool	2019-11-08	14:34:13.724	913328	CB1175	NIfTI:Scanner	(null)	(null)	(null)	(null)	(null)	(null)	(null)	(null)	(null)	(null)	(null)	(null)
Polaris Tool	2019-11-08	14:34:13.724	913328	CT708	Polaris	(null)	(null)	(null)	(null)	(null)	(null)	(null)	(null)	(null)	(null)	(null)	(null)
Polaris Tool	2019-11-08	14:34:13.724	913328	CT708	NIfTI:Scanner	(null)	(null)	(null)	(null)	(null)	(null)	(null)	(null)	(null)	(null)	(null)	(null)
Polaris Tool	2019-11-08	14:34:13.724	913328	LCT371	Polaris	(null)	(null)	(null)	(null)	(null)	(null)	(null)	(null)	(null)	(null)	(null)	(null)
Polaris Tool	2019-11-08	14:34:13.724	913328	LCT371	NIfTI:Scanner	(null)	(null)	(null)	(null)	(null)	(null)	(null)	(null)	(null)	(null)	(null)	(null)
Polaris Tool	2019-11-08	14:34:13.724	913328	P1381	Polaris	(null)	(null)	(null)	(null)	(null)	(null)	(null)	(null)	(null)	(null)	(null)	(null)
Polaris Tool	2019-11-08	14:34:13.724	913328	P1381	NIfTI:Scanner	(null)	(null)	(null)	(null)	(null)	(null)	(null)	(null)	(null)	(null)	(null)	(null)
Polaris Tool	2019-11-08	14:34:13.724	913328	ST1089	Polaris	35.519	-61.959	-917.441	-0.101	-0.919	-0.380	0.986	-0.143	0.083	-0.131	-0.367	0.921
Polaris Tool	2019-11-08	14:34:13.724	913328	ST1089	NIfTI:Scanner	-64.438	111.917	86.378	0.948	-0.014	-0.319	-0.213	0.717	-0.664	0.238	0.697	0.677
Polaris Tool	2019-11-08	14:34:13.775	913331	CB1175	Polaris	(null)	(null)	(null)	(null)	(null)	(null)	(null)	(null)	(null)	(null)	(null)	(null)
Polaris Tool	2019-11-08	14:34:13.775	913331	CB1175	NIfTI:Scanner	(null)	(null)	(null)	(null)	(null)	(null)	(null)	(null)	(null)	(null)	(null)	(null)
Polaris Tool	2019-11-08	14:34:13.775	913331	CT708	Polaris	(null)	(null)	(null)	(null)	(null)	(null)	(null)	(null)	(null)	(null)	(null)	(null)
Polaris Tool	2019-11-08	14:34:13.775	913331	CT708	NIfTI:Scanner	(null)	(null)	(null)	(null)	(null)	(null)	(null)	(null)	(null)	(null)	(null)	(null)
Polaris Tool	2019-11-08	14:34:13.775	913331	LCT371	Polaris	(null)	(null)	(null)	(null)	(null)	(null)	(null)	(null)	(null)	(null)	(null)	(null)
Polaris Tool	2019-11-08	14:34:13.775	913331	LCT371	NIfTI:Scanner	(null)	(null)	(null)	(null)	(null)	(null)	(null)	(null)	(null)	(null)	(null)	(null)
Polaris Tool	2019-11-08	14:34:13.775	913331	P1381	Polaris	(null)	(null)	(null)	(null)	(null)	(null)	(null)	(null)	(null)	(null)	(null)	(null)
Polaris Tool	2019-11-08	14:34:13.775	913331	P1381	NIfTI:Scanner	(null)	(null)	(null)	(null)	(null)	(null)	(null)	(null)	(null)	(null)	(null)	(null)
Polaris Tool	2019-11-08	14:34:13.775	913331	ST1089	Polaris	35.517	-61.962	-917.438	-0.101	-0.919	-0.381	0.986	-0.143	0.083	-0.131	-0.367	0.921
Polaris Tool	2019-11-08	14:34:13.775	913331	ST1089	NIfTI:Scanner	-64.438	111.917	86.378	0.948	-0.014	-0.319	-0.213	0.717	-0.664	0.238	0.697	0.677
Polaris Tool	2019-11-08	14:34:13.825	913334	CB1175	Polaris	(null)	(null)	(null)	(null)	(null)	(null)	(null)	(null)	(null)	(null)	(null)	(null)
Polaris Tool	2019-11-08	14:34:13.825	913334	CB1175	NIfTI:Scanner	(null)	(null)	(null)	(null)	(null)	(null)	(null)	(null)	(null)	(null)	(null)	(null)
Polaris Tool	2019-11-08	14:34:13.825	913334	CT708	Polaris	(null)	(null)	(null)	(null)	(null)	(null)	(null)	(null)	(null)	(null)	(null)	(null)
Polaris Tool	2019-11-08	14:34:13.825	913334	CT708	NIfTI:Scanner	(null)	(null)	(null)	(null)	(null)	(null)	(null)	(null)	(null)	(null)	(null)	(null)
Polaris Tool	2019-11-08	14:34:13.825	913334	LCT371	Polaris	(null)	(null)	(null)	(null)	(null)	(null)	(null)	(null)	(null)	(null)	(null)	(null)
Polaris Tool	2019-11-08	14:34:13.825	913334	LCT371	NIfTI:Scanner	(null)	(null)	(null)	(null)	(null)	(null)	(null)	(null)	(null)	(null)	(null)	(null)
Polaris Tool	2019-11-08	14:34:13.825	913334	P1381	Polaris	(null)	(null)	(null)	(null)	(null)	(null)	(null)	(null)	(null)	(null)	(null)	(null)
Polaris Tool	2019-11-08	14:34:13.825	913334	P1381	NIfTI:Scanner	(null)	(null)	(null)	(null)	(null)	(null)	(null)	(null)	(null)	(null)	(null)	(null)
Polaris Tool	2019-11-08	14:34:13.825	913334	ST1089	Polaris	35.513	-61.959	-917.444	-0.101	-0.919	-0.381	0.986	-0.143	0.084	-0.132	-0.367	0.921
Polaris Tool	2019-11-08	14:34:13.825	913334	ST1089	NIfTI:Scanner	-64.438	111.917	86.378	0.948	-0.014	-0.319	-0.213	0.717	-0.664	0.238	0.697	0.677
Polaris Tool	2019-11-08	14:34:13.875	913337	CB1175	Polaris	(null)	(null)	(null)	(null)	(null)	(null)	(null)	(null)	(null)	(null)	(null)	(null)
Polaris Tool	2019-11-08	14:34:13.875	913337	CB1175	NIfTI:Scanner	(null)	(null)	(null)	(null)	(null)	(null)	(null)	(null)	(null)	(null)	(null)	(null)
Polaris Tool	2019-11-08	14:34:13.875	913337	CT708	Polaris	(null)	(null)	(null)	(null)	(null)	(null)	(null)	(null)	(null)	(null)	(null)	(null)
Polaris Tool	2019-11-08	14:34:13.875	913337	CT708	NIfTI:Scanner	(null)	(null)	(null)	(null)	(null)	(null)	(null)	(null)	(null)	(null)	(null)	(null)
Polaris Tool	2019-11-08	14:34:13.875	913337	LCT371	Polaris	(null)	(null)	(null)	(null)	(null)	(null)	(null)	(null)	(null)	(null)	(null)	(null)
Polaris Tool	2019-11-08	14:34:13.875	913337	LCT371	NIfTI:Scanner	(null)	(null)	(null)	(null)	(null)	(null)	(null)	(null)	(null)	(null)	(null)	(null)
Polaris Tool	2019-11-08	14:34:13.875	913337	P1381	Polaris	(null)	(null)	(null)	(null)	(null)	(null)	(null)	(null)	(null)	(null)	(null)	(null)
Polaris Tool	2019-11-08	14:34:13.875	913337	P1381	NIfTI:Scanner	(null)	(null)	(null)	(null)	(null)	(null)	(null)	(null)	(null)	(null)	(null)	(null)
Polaris Tool	2019-11-08	14:34:13.875	913337	ST1089	Polaris	35.513	-61.956	-917.469	-0.101	-0.919	-0.380	0.986	-0.143	0.084	-0.132	-0.366	0.921
Polaris Tool	2019-11-08	14:34:13.875	913337	ST1089	NIfTI:Scanner	-64.438	111.917	86.378	0.948	-0.014	-0.319	-0.213	0.717	-0.664	0.238	0.697	0.677
Polaris Tool	2019-11-08	14:34:13.925	913340	CB1175	Polaris	(null)	(null)	(null)	(null)	(null)	(null)	(null)	(null)	(null)	(null)	(null)	(null)
Polaris Tool	2019-11-08	14:34:13.925	913340	CB1175	NIfTI:Scanner	(null)	(null)	(null)	(null)	(null)	(null)	(null)	(null)	(null)	(null)	(null)	(null)
Polaris Tool	2019-11-08	14:34:13.925	913340	CT708	Polaris	(null)	(null)	(null)	(null)	(null)	(null)	(null)	(null)	(null)	(null)	(null)	(null)
Polaris Tool	2019-11-08	14:34:13.925	913340	CT708	NIfTI:Scanner	(null)	(null)	(null)	(null)	(null)	(null)	(null)	(null)	(null)	(null)	(null)	(null)
Polaris Tool	2019-11-08	14:34:13.925	913340	LCT371	Polaris	(null)	(null)	(null)	(null)	(null)	(null)	(null)	(null)	(null)	(null)	(null)	(null)
Polaris Tool	2019-11-08	14:34:13.925	913340	LCT371	NIfTI:Scanner	(null)	(null)	(null)	(null)	(null)	(null)	(null)	(null)	(null)	(null)	(null)	(null)
Polaris Tool	2019-11-08	14:34:13.925	913340	P1381	Polaris	(null)	(null)	(null)	(null)	(null)	(null)	(null)	(null)	(null)	(null)	(null)	(null)
Polaris Tool	2019-11-08	14:34:13.925	913340	P1381	NIfTI:Scanner	(null)	(null)	(null)	(null)	(null)	(null)	(null)	(null)	(null)	(null)	(null)	(null)
Polaris Tool	2019-11-08	14:34:13.925	913340	ST1089	Polaris	35.517	-61.957	-917.446	-0.101	-0.919	-0.381	0.986	-0.143	0.084	-0.132	-0.367	0.921
Polaris Tool	2019-11-08	14:34:13.925	913340	ST1089	NIfTI:Scanner	-64.438	111.917	86.378	0.948	-0.014	-0.319	-0.213	0.717	-0.664	0.238	0.697	0.677
Polaris Tool	2019-11-08	14:34:13.975	913343	CB1175	Polaris	(null)	(null)	(null)	(null)	(null)	(null)	(null)	(null)	(null)	(null)	(null)	(null)
Polaris Tool	2019-11-08	14:34:13.975	913343	CB1175	NIfTI:Scanner	(null)	(null)	(null)	(null)	(null)	(null)	(null)	(null)	(null)	(null)	(null)	(null)
Polaris Tool	2019-11-08	14:34:13.975	913343	CT708	Polaris	(null)	(null)	(null)	(null)	(null)	(null)	(null)	(null)	(null)	(null)	(null)	(null)
Polaris Tool	2019-11-08	14:34:13.975	913343	CT708	NIfTI:Scanner	(null)	(null)	(null)	(null)	(null)	(null)	(null)	(null)	(null)	(null)	(null)	(null)
Polaris Tool	2019-11-08	14:34:13.975	913343	LCT371	Polaris	(null)	(null)	(null)	(null)	(null)	(null)	(null)	(null)	(null)	(null)	(null)	(null)
Polaris Tool	2019-11-08	14:34:13.975	913343	LCT371	NIfTI:Scanner	(null)	(null)	(null)	(null)	(null)	(null)	(null)	(null)	(null)	(null)	(null)	(null)
Polaris Tool	2019-11-08	14:34:13.975	913343	P1381	Polaris	(null)	(null)	(null)	(null)	(null)	(null)	(null)	(null)	(null)	(null)	(null)	(null)
Polaris Tool	2019-11-08	14:34:13.975	913343	P1381	NIfTI:Scanner	(null)	(null)	(null)	(null)	(null)	(null)	(null)	(null)	(null)	(null)	(null)	(null)
Polaris Tool	2019-11-08	14:34:13.975	913343	ST1089	Polaris	35.519	-61.955	-917.462	-0.101	-0.919	-0.381	0.986	-0.143	0.084	-0.132	-0.367	0.921
Polaris Tool	2019-11-08	14:34:13.975	913343	ST1089	NIfTI:Scanner	-64.438	111.917	86.378	0.948	-0.014	-0.319	-0.213	0.717	-0.664	0.238	0.697	0.677
Polaris Tool	2019-11-08	14:34:14.025	913346	CB1175	Polaris	(null)	(null)	(null)	(null)	(null)	(null)	(null)	(null)	(null)	(null)	(null)	(null)
Polaris Tool	2019-11-08	14:34:14.025	913346	CB1175	NIfTI:Scanner	(null)	(null)	(null)	(null)	(null)	(null)	(null)	(null)	(null)	(null)	(null)	(null)
Polaris Tool	2019-11-08	14:34:14.025	913346	CT708	Polaris	(null)	(null)	(null)	(null)	(null)	(null)	(null)	(null)	(null)	(null)	(null)	(null)
Polaris Tool	2019-11-08	14:34:14.025	913346	CT708	NIfTI:Scanner	(null)	(null)	(null)	(null)	(null)	(null)	(null)	(null)	(null)	(null)	(null)	(null)
Polaris Tool	2019-11-08	14:34:14.025	913346	LCT371	Polaris	(null)	(null)	(null)	(null)	(null)	(null)	(null)	(null)	(null)	(null)	(null)	(null)
Polaris Tool	2019-11-08	14:34:14.025	913346	LCT371	NIfTI:Scanner	(null)	(null)	(null)	(null)	(null)	(null)	(null)	(null)	(null)	(null)	(null)	(null)
Polaris Tool	2019-11-08	14:34:14.025	913346	P1381	Polaris	(null)	(null)	(null)	(null)	(null)	(null)	(null)	(null)	(null)	(null)	(null)	(null)
Polaris Tool	2019-11-08	14:34:14.025	913346	P1381	NIfTI:Scanner	(null)	(null)	(null)	(null)	(null)	(null)	(null)	(null)	(null)	(null)	(null)	(null)
Polaris Tool	2019-11-08	14:34:14.025	913346	ST1089	Polaris	35.510	-61.956	-917.462	-0.101	-0.919	-0.381	0.986	-0.143	0.085	-0.132	-0.367	0.921
Polaris Tool	2019-11-08	14:34:14.025	913346	ST1089	NIfTI:Scanner	-64.438	111.917	86.378	0.948	-0.014	-0.319	-0.213	0.717	-0.664	0.238	0.697	0.677
Polaris Tool	2019-11-08	14:34:14.075	913349	CB1175	Polaris	(null)	(null)	(null)	(null)	(null)	(null)	(null)	(null)	(null)	(null)	(null)	(null)
Polaris Tool	2019-11-08	14:34:14.075	913349	CB1175	NIfTI:Scanner	(null)	(null)	(null)	(null)	(null)	(null)	(null)	(null)	(null)	(null)	(null)	(null)
Polaris Tool	2019-11-08	14:34:14.075	913349	CT708	Polaris	(null)	(null)	(null)	(null)	(null)	(null)	(null)	(null)	(null)	(null)	(null)	(null)
Polaris Tool	2019-11-08	14:34:14.075	913349	CT708	NIfTI:Scanner	(null)	(null)	(null)	(null)	(null)	(null)	(null)	(null)	(null)	(null)	(null)	(null)
Polaris Tool	2019-11-08	14:34:14.075	913349	LCT371	Polaris	(null)	(null)	(null)	(null)	(null)	(null)	(null)	(null)	(null)	(null)	(null)	(null)
Polaris Tool	2019-11-08	14:34:14.075	913349	LCT371	NIfTI:Scanner	(null)	(null)	(null)	(null)	(null)	(null)	(null)	(null)	(null)	(null)	(null)	(null)
Polaris Tool	2019-11-08	14:34:14.075	913349	P1381	Polaris	(null)	(null)	(null)	(null)	(null)	(null)	(null)	(null)	(null)	(null)	(null)	(null)
Polaris Tool	2019-11-08	14:34:14.075	913349	P1381	NIfTI:Scanner	(null)	(null)	(null)	(null)	(null)	(null)	(null)	(null)	(null)	(null)	(null)	(null)
Polaris Tool	2019-11-08	14:34:14.075	913349	ST1089	Polaris	35.516	-61.959	-917.441	-0.101	-0.919	-0.380	0.986	-0.143	0.084	-0.132	-0.367	0.921
Polaris Tool	2019-11-08	14:34:14.075	913349	ST1089	NIfTI:Scanner	-64.438	111.917	86.378	0.948	-0.014	-0.319	-0.213	0.717	-0.664	0.238	0.697	0.677
Polaris Tool	2019-11-08	14:34:14.124	913352	CB1175	Polaris	(null)	(null)	(null)	(null)	(null)	(null)	(null)	(null)	(null)	(null)	(null)	(null)
Polaris Tool	2019-11-08	14:34:14.124	913352	CB1175	NIfTI:Scanner	(null)	(null)	(null)	(null)	(null)	(null)	(null)	(null)	(null)	(null)	(null)	(null)
Polaris Tool	2019-11-08	14:34:14.124	913352	CT708	Polaris	(null)	(null)	(null)	(null)	(null)	(null)	(null)	(null)	(null)	(null)	(null)	(null)
Polaris Tool	2019-11-08	14:34:14.124	913352	CT708	NIfTI:Scanner	(null)	(null)	(null)	(null)	(null)	(null)	(null)	(null)	(null)	(null)	(null)	(null)
Polaris Tool	2019-11-08	14:34:14.124	913352	LCT371	Polaris	(null)	(null)	(null)	(null)	(null)	(null)	(null)	(null)	(null)	(null)	(null)	(null)
Polaris Tool	2019-11-08	14:34:14.124	913352	LCT371	NIfTI:Scanner	(null)	(null)	(null)	(null)	(null)	(null)	(null)	(null)	(null)	(null)	(null)	(null)
Polaris Tool	2019-11-08	14:34:14.124	913352	P1381	Polaris	(null)	(null)	(null)	(null)	(null)	(null)	(null)	(null)	(null)	(null)	(null)	(null)
Polaris Tool	2019-11-08	14:34:14.124	913352	P1381	NIfTI:Scanner	(null)	(null)	(null)	(null)	(null)	(null)	(null)	(null)	(null)	(null)	(null)	(null)
Polaris Tool	2019-11-08	14:34:14.124	913352	ST1089	Polaris	35.521	-61.958	-917.427	-0.102	-0.919	-0.380	0.986	-0.143	0.083	-0.131	-0.367	0.921
Polaris Tool	2019-11-08	14:34:14.124	913352	ST1089	NIfTI:Scanner	-64.438	111.917	86.378	0.948	-0.014	-0.319	-0.213	0.717	-0.664	0.238	0.697	0.677
Polaris Tool	2019-11-08	14:34:14.175	913355	CB1175	Polaris	(null)	(null)	(null)	(null)	(null)	(null)	(null)	(null)	(null)	(null)	(null)	(null)
Polaris Tool	2019-11-08	14:34:14.175	913355	CB1175	NIfTI:Scanner	(null)	(null)	(null)	(null)	(null)	(null)	(null)	(null)	(null)	(null)	(null)	(null)
Polaris Tool	2019-11-08	14:34:14.175	913355	CT708	Polaris	(null)	(null)	(null)	(null)	(null)	(null)	(null)	(null)	(null)	(null)	(null)	(null)
Polaris Tool	2019-11-08	14:34:14.175	913355	CT708	NIfTI:Scanner	(null)	(null)	(null)	(null)	(null)	(null)	(null)	(null)	(null)	(null)	(null)	(null)
Polaris Tool	2019-11-08	14:34:14.175	913355	LCT371	Polaris	(null)	(null)	(null)	(null)	(null)	(null)	(null)	(null)	(null)	(null)	(null)	(null)
Polaris Tool	2019-11-08	14:34:14.175	913355	LCT371	NIfTI:Scanner	(null)	(null)	(null)	(null)	(null)	(null)	(null)	(null)	(null)	(null)	(null)	(null)
Polaris Tool	2019-11-08	14:34:14.175	913355	P1381	Polaris	(null)	(null)	(null)	(null)	(null)	(null)	(null)	(null)	(null)	(null)	(null)	(null)
Polaris Tool	2019-11-08	14:34:14.175	913355	P1381	NIfTI:Scanner	(null)	(null)	(null)	(null)	(null)	(null)	(null)	(null)	(null)	(null)	(null)	(null)
